featureid	f.var.fixed	f.var.random	f.var.residual	assay	icc
Blood haemogram_leukocytes	0.0554482358622708	0.622336483473556	0.322215280664173	<b>Routine bloods</b>	0.622336483473556
Blood haemogram_neutrophils	0.164349667274731	0.396224248152425	0.439426084572844	<b>Routine bloods</b>	0.396224248152425
Blood haemogram_erythrocytes	0.054711073423662	0.778406637689205	0.166882288887133	<b>Routine bloods</b>	0.778406637689205
Blood haemogram_hemoglobin	0.0737935551845701	0.657467992715622	0.268738452099808	<b>Routine bloods</b>	0.657467992715622
Blood haemogram_hematocrit	0.072272130703762	0.661219474539892	0.266508394756346	<b>Routine bloods</b>	0.661219474539892
Blood haemogram_mch	0.0664901849225979	0.787806330071273	0.145703485006129	<b>Routine bloods</b>	0.787806330071273
Blood haemogram_mchc	0.0748944604634968	0.302485744527101	0.622619795009402	<b>Routine bloods</b>	0.302485744527101
Blood haemogram_mcv	0.0658117926539394	0.765818166012181	0.168370041333879	<b>Routine bloods</b>	0.765818166012181
Blood haemogram_distrwidth	0.081251557662955	0.722270315701237	0.196478126635808	<b>Routine bloods</b>	0.722270315701237
Blood haemogram_platelets	0.0181684647713583	0.832630777643794	0.149200757584848	<b>Routine bloods</b>	0.832630777643794
Blood haemogram_monocytes	0.0730729535595255	0.553142801330408	0.373784245110066	<b>Routine bloods</b>	0.553142801330409
Blood haemogram_granim	0.0847066257415867	0.273720780068332	0.641572594190082	<b>Routine bloods</b>	0.273720780068332
Blood haemogram_crp	0.0567704072605042	0.495309969371302	0.447919623368193	<b>Routine bloods</b>	0.495309969371302
Body composition_weight	0.055509511394128	0.931453360929514	0.0130371276763576	<b>Body composition</b>	0.931453360929514
Body composition_bmi	0.0570036541518531	0.924328881748547	0.0186674640996001	<b>Body composition</b>	0.924328881748547
Composite methylation scores: blood_index_general_age	0.826577600518064	0.0799491818780426	0.0934732176038931	<b>Composite methylation scores</b>: blood	0.0799491818780426
Composite methylation scores: blood_horvath	0.815297979823769	0.138260533023327	0.0464414871529032	<b>Composite methylation scores</b>: blood	0.138260533023327
Composite methylation scores: blood_PhenoAge	0.639318339021353	0.261394132534799	0.0992875284438478	<b>Composite methylation scores</b>: blood	0.261394132534799
Composite methylation scores: blood_DunedinPACE	0.0267225435936243	0.800699400811338	0.172578055595038	<b>Composite methylation scores</b>: blood	0.800699400811338
Composite methylation scores: blood_CausAge	0.824875145297471	0.127754353710751	0.0473705009917788	<b>Composite methylation scores</b>: blood	0.127754353710751
Composite methylation scores: blood_DamAge	0.609875790875837	0.266014200474874	0.124110008649289	<b>Composite methylation scores</b>: blood	0.266014200474874
Composite methylation scores: blood_AdaptAge	0.257069632921071	0.436671544469436	0.306258822609494	<b>Composite methylation scores</b>: blood	0.436671544469436
Composite methylation scores: blood_AgeAccelGrimV2	0.119397494452873	0.772833402400952	0.107769103146175	<b>Composite methylation scores</b>: blood	0.772833402400952
Composite methylation scores: blood_globalMethylation_total	0.0791797063969493	0.620360910673312	0.300459382929739	<b>Composite methylation scores</b>: blood	0.620360910673312
Composite methylation scores: blood_globalMethylation_island	0.132806450615926	0.480531317905846	0.386662231478228	<b>Composite methylation scores</b>: blood	0.480531317905846
Composite methylation scores: blood_globalMethylation_opensea	0.110170862130982	0.607427520562938	0.28240161730608	<b>Composite methylation scores</b>: blood	0.607427520562938
Composite methylation scores: blood_globalMethylation_alu	0.00763889249940319	0.483142964389027	0.50921814311157	<b>Composite methylation scores</b>: blood	0.483142964389027
Composite methylation scores: blood_globalMethylation_line1	0.0420713042931107	0.427076145542268	0.530852550164621	<b>Composite methylation scores</b>: blood	0.427076145542268
Composite methylation scores: blood_idx_PCGTgen	0.375851273566516	0.416499983655007	0.207648742778477	<b>Composite methylation scores</b>: blood	0.416499983655007
Composite methylation scores: blood_idx_PCGTnonage	0.0463940520788747	0.318462810818269	0.635143137102856	<b>Composite methylation scores</b>: blood	0.318462810818269
Composite methylation scores: blood_idx_AGE	0.5576572948981	0.316033111956155	0.126309593145745	<b>Composite methylation scores</b>: blood	0.316033111956155
Composite methylation scores: blood_hepidish_Neutro	0.0949388340209768	0.391906192862235	0.513154973116788	<b>Composite methylation scores</b>: blood	0.391906192862235
Composite methylation scores: blood_WID_SMK_immune_hypoM_corr_z	0.244279235449667	0.695972275276709	0.0597484892736237	<b>Composite methylation scores</b>: blood	0.695972275276709
Composite methylation scores: blood_mCigarette	0.118226414372636	0.853319744526234	0.0284538411011303	<b>Composite methylation scores</b>: blood	0.853319744526234
Composite methylation scores: blood_smokingScore	0.0993549290176551	0.381124774572327	0.519520296410018	<b>Composite methylation scores</b>: blood	0.381124774572327
Composite methylation scores: buccal_idx_PCGTnonage_adj	0.093723603683723	0.171710099349226	0.734566296967051	<b>Composite methylation scores</b>: buccal	0.171710099349226
Composite methylation scores: buccal_idx_PCGTgen_adj	0.0446526248234045	0.58019352834282	0.375153846833775	<b>Composite methylation scores</b>: buccal	0.58019352834282
Composite methylation scores: buccal_WID_buccal_BC_adj	0.0886145882491199	0.44409344602514	0.46729196572574	<b>Composite methylation scores</b>: buccal	0.44409344602514
Composite methylation scores: buccal_relative_epithelial_age_adj	0.147155142256407	0.366156774630627	0.486688083112966	<b>Composite methylation scores</b>: buccal	0.366156774630627
Composite methylation scores: buccal_index_general_age_adj	0.0587207870940519	0.695630110280225	0.245649102625723	<b>Composite methylation scores</b>: buccal	0.695630110280225
Composite methylation scores: buccal_horvath_adj	0.0517385000681693	0.648246116629197	0.300015383302634	<b>Composite methylation scores</b>: buccal	0.648246116629197
Composite methylation scores: buccal_globalMethylation_total_adj	0.0633233769419288	0.320393935597566	0.616282687460506	<b>Composite methylation scores</b>: buccal	0.320393935597566
Composite methylation scores: buccal_globalMethylation_island_adj	0.13619792617859	0.286199658950028	0.577602414871382	<b>Composite methylation scores</b>: buccal	0.286199658950028
Composite methylation scores: buccal_globalMethylation_opensea_adj	0.0618258899563262	0.281554296346968	0.656619813696706	<b>Composite methylation scores</b>: buccal	0.281554296346968
Composite methylation scores: buccal_globalMethylation_alu_adj	0.0749685721724312	0.324978492941777	0.600052934885792	<b>Composite methylation scores</b>: buccal	0.324978492941777
Composite methylation scores: buccal_globalMethylation_line1_adj	0.103320742208781	0.0992419086923269	0.797437349098892	<b>Composite methylation scores</b>: buccal	0.0992419086923269
Composite methylation scores: buccal_ic	0.202937250011243	0.466282507281503	0.330780242707254	<b>Composite methylation scores</b>: buccal	0.466282507281503
Composite methylation scores: buccal_idx_AGE_adj	0.0227728890883196	0.662927768169706	0.314299342741974	<b>Composite methylation scores</b>: buccal	0.662927768169706
Composite methylation scores: buccal_WID_SMK_proximal_epithelial_hyperM_corr_z	0.121906866376727	0.759721352540494	0.118371781082779	<b>Composite methylation scores</b>: buccal	0.759721352540494
Composite methylation scores: buccal_WID_SMK_epithelial_hypoM_corr_z	0.156245346328709	0.721918893039919	0.121835760631372	<b>Composite methylation scores</b>: buccal	0.721918893039919
Composite methylation scores: buccal_WID_SMK_immune_hypoM_corr_z	0.090305164913754	0.489265772098384	0.420429062987862	<b>Composite methylation scores</b>: buccal	0.489265772098384
Composite methylation scores: buccal_mCigarette	0.0736496538923812	0.704007725223521	0.222342620884098	<b>Composite methylation scores</b>: buccal	0.704007725223521
Composite methylation scores: buccal_smokingScore	0.189518384932695	0.0618674664251523	0.748614148642153	<b>Composite methylation scores</b>: buccal	0.0618674664251523
Composite methylation scores: cervical_idx_PCGTnonage_adj	0.0656801997555789	0.23725247044957	0.697067329794851	<b>Composite methylation scores</b>: cervical	0.23725247044957
Composite methylation scores: cervical_idx_PCGTgen_adj	0.082257651334868	0.268293585705325	0.649448762959807	<b>Composite methylation scores</b>: cervical	0.268293585705325
Composite methylation scores: cervical_index_BC_discovery_version_adj	0.0964997465841126	0.507291686262597	0.39620856715329	<b>Composite methylation scores</b>: cervical	0.507291686262597
Composite methylation scores: cervical_index_OC_discovery_version_adj	0.144503059653753	0.463537202877323	0.391959737468924	<b>Composite methylation scores</b>: cervical	0.463537202877323
Composite methylation scores: cervical_index_EC_discovery_version_adj	0.0597555168392227	0.473881785597867	0.46636269756291	<b>Composite methylation scores</b>: cervical	0.473881785597867
Composite methylation scores: cervical_index_CIN_adj	0.0428991615151496	0.513150981607953	0.443949856876898	<b>Composite methylation scores</b>: cervical	0.513150981607953
Composite methylation scores: cervical_relative_epithelial_age_adj	0.066662372573434	0.577090214841801	0.356247412584765	<b>Composite methylation scores</b>: cervical	0.577090214841801
Composite methylation scores: cervical_index_general_age_adj	0.0894281582462933	0.392066608594519	0.518505233159188	<b>Composite methylation scores</b>: cervical	0.392066608594519
Composite methylation scores: cervical_horvath_adj	0.120996746407145	0.348403441619806	0.53059981197305	<b>Composite methylation scores</b>: cervical	0.348403441619806
Composite methylation scores: cervical_index_mQTL_adj	0.0604072579511352	0.593167833684082	0.346424908364783	<b>Composite methylation scores</b>: cervical	0.593167833684082
Composite methylation scores: cervical_globalMethylation_total_adj	0.0312503944043694	0.377349789013552	0.591399816582078	<b>Composite methylation scores</b>: cervical	0.377349789013552
Composite methylation scores: cervical_globalMethylation_island_adj	0.0696665445933528	0.281707803429026	0.648625651977621	<b>Composite methylation scores</b>: cervical	0.281707803429026
Composite methylation scores: cervical_globalMethylation_opensea_adj	0.0338829424078562	0.377922700023604	0.58819435756854	<b>Composite methylation scores</b>: cervical	0.377922700023604
Composite methylation scores: cervical_globalMethylation_alu_adj	0.0607888877520337	0.395132993480513	0.544078118767453	<b>Composite methylation scores</b>: cervical	0.395132993480513
Composite methylation scores: cervical_globalMethylation_line1_adj	0.0811935463572697	0.332373511624365	0.586432942018365	<b>Composite methylation scores</b>: cervical	0.332373511624365
Composite methylation scores: cervical_ic	0.0314293586737484	0.607438465053608	0.361132176272643	<b>Composite methylation scores</b>: cervical	0.607438465053608
Composite methylation scores: cervical_idx_AGE_adj	0.0748411200072952	0.351168746241594	0.573990133751111	<b>Composite methylation scores</b>: cervical	0.351168746241594
Composite methylation scores: cervical_WID_SMK_distal_epithelial_hyperM_corr_z	0.0750742896551197	0.740689019546371	0.18423669079851	<b>Composite methylation scores</b>: cervical	0.740689019546371
Composite methylation scores: cervical_WID_SMK_epithelial_hypoM_corr_z	0.101053462219628	0.450093638134154	0.448852899646218	<b>Composite methylation scores</b>: cervical	0.450093638134154
Composite methylation scores: cervical_WID_SMK_immune_hypoM_corr_z	0.271608489620805	0.512950057039187	0.215441453340008	<b>Composite methylation scores</b>: cervical	0.512950057039187
Composite methylation scores: cervical_mCigarette	0.106472187494849	0.745862733477727	0.147665079027424	<b>Composite methylation scores</b>: cervical	0.745862733477727
Composite methylation scores: cervical_smokingScore	0.136531680161422	0.180832775822139	0.68263554401644	<b>Composite methylation scores</b>: cervical	0.180832775822139
Cotinine LC/MS Quantitation_cotinine	0.344915613843266	0.347739180784856	0.307345205371878	<b>Functional clinical features</b>	0.347739180784856
Flow cytometry: T cell staining_lymphocytes_single_cells_live_t_cells	0.100458871785656	0.539114872864869	0.360426255349475	<b>Flow cytometry</b>: immune cells	0.539114872864869
Flow cytometry: T cell staining_lymphocytes_single_cells_live_t_cells_cd4_t_cells	0.0907567150339988	0.790782326408663	0.118460958557338	<b>Flow cytometry</b>: immune cells	0.790782326408663
Flow cytometry: T cell staining_lymphocytes_single_cells_live_t_cells_cd4_t_cells_activated_t_cells	0.189001170047478	0.674835963370629	0.136162866581893	<b>Flow cytometry</b>: immune cells	0.67483596337063
Flow cytometry: T cell staining_lymphocytes_single_cells_live_t_cells_cd4_t_cells_cm	0.0195361189908289	0.870310386115511	0.11015349489366	<b>Flow cytometry</b>: immune cells	0.870310386115511
Flow cytometry: T cell staining_lymphocytes_single_cells_live_t_cells_cd4_t_cells_em	0.147026909451853	0.501228181952033	0.351744908596113	<b>Flow cytometry</b>: immune cells	0.501228181952033
Flow cytometry: T cell staining_lymphocytes_single_cells_live_t_cells_cd4_t_cells_exhausted_t_cells	0.112018952188404	0.799876480955309	0.0881045668562865	<b>Flow cytometry</b>: immune cells	0.799876480955309
Flow cytometry: T cell staining_lymphocytes_single_cells_live_t_cells_cd4_t_cells_hlaneg_drpos	0.0441105094951346	0.532349685868732	0.423539804636134	<b>Flow cytometry</b>: immune cells	0.532349685868732
Flow cytometry: T cell staining_lymphocytes_single_cells_live_t_cells_cd4_t_cells_naive	0.0205285995107528	0.859330251013556	0.120141149475691	<b>Flow cytometry</b>: immune cells	0.859330251013556
Flow cytometry: T cell staining_lymphocytes_single_cells_live_t_cells_cd4_t_cells_t_regs	0.00818816325551073	0.880915489652889	0.1108963470916	<b>Flow cytometry</b>: immune cells	0.880915489652889
Flow cytometry: T cell staining_lymphocytes_single_cells_live_t_cells_cd4_t_cells_temra	0.073186674694719	0.588084276042519	0.338729049262762	<b>Flow cytometry</b>: immune cells	0.588084276042519
Flow cytometry: T cell staining_lymphocytes_single_cells_live_t_cells_cd8_t_cells	0.0346688337488265	0.895279461310203	0.070051704940971	<b>Flow cytometry</b>: immune cells	0.895279461310203
Flow cytometry: T cell staining_lymphocytes_single_cells_live_t_cells_cd8_t_cells_activated_t_cells	0.0836546195069321	0.856429140253338	0.0599162402397304	<b>Flow cytometry</b>: immune cells	0.856429140253337
Flow cytometry: T cell staining_lymphocytes_single_cells_live_t_cells_cd8_t_cells_cd57pos_cd28neg	0.353188379029511	0.533739591822144	0.113072029148344	<b>Flow cytometry</b>: immune cells	0.533739591822144
Flow cytometry: T cell staining_lymphocytes_single_cells_live_t_cells_cd8_t_cells_cd57neg_cd28pos	0.236336855613522	0.621107519562444	0.142555624824034	<b>Flow cytometry</b>: immune cells	0.621107519562444
Flow cytometry: T cell staining_lymphocytes_single_cells_live_t_cells_cd8_t_cells_cm	0.0942992407126462	0.78930292056702	0.116397838720334	<b>Flow cytometry</b>: immune cells	0.78930292056702
Flow cytometry: T cell staining_lymphocytes_single_cells_live_t_cells_cd8_t_cells_dn	0.0346680238899312	0.806582087829594	0.158749888280475	<b>Flow cytometry</b>: immune cells	0.806582087829594
Flow cytometry: T cell staining_lymphocytes_single_cells_live_t_cells_cd8_t_cells_dp	0.108444556473077	0.766711320501345	0.124844123025578	<b>Flow cytometry</b>: immune cells	0.766711320501345
Flow cytometry: T cell staining_lymphocytes_single_cells_live_t_cells_cd8_t_cells_em	0.245610073985678	0.635214323961	0.119175602053322	<b>Flow cytometry</b>: immune cells	0.635214323961
Flow cytometry: T cell staining_lymphocytes_single_cells_live_t_cells_cd8_t_cells_exhausted_t_cells	0.0442650848469728	0.791409900249717	0.164325014903311	<b>Flow cytometry</b>: immune cells	0.791409900249717
Flow cytometry: T cell staining_lymphocytes_single_cells_live_t_cells_cd8_t_cells_highly_differentiated_klrg1	0.262725986363301	0.641598810326829	0.0956752033098707	<b>Flow cytometry</b>: immune cells	0.641598810326829
Flow cytometry: T cell staining_lymphocytes_single_cells_live_t_cells_cd8_t_cells_naive	0.283385127118696	0.555079848137128	0.161535024744177	<b>Flow cytometry</b>: immune cells	0.555079848137128
Flow cytometry: T cell staining_lymphocytes_single_cells_live_t_cells_cd8_t_cells_q5_klrg1neg_cd57pos	0.164913889770021	0.76885015860646	0.066235951623519	<b>Flow cytometry</b>: immune cells	0.76885015860646
Flow cytometry: T cell staining_lymphocytes_single_cells_live_t_cells_cd8_t_cells_q7_klrg1pos_cd57neg	0.200325624753541	0.737475418136908	0.062198957109551	<b>Flow cytometry</b>: immune cells	0.737475418136908
Flow cytometry: T cell staining_lymphocytes_single_cells_live_t_cells_cd8_t_cells_q8_klrg1neg_cd57neg	0.313775426744892	0.562611622629548	0.12361295062556	<b>Flow cytometry</b>: immune cells	0.562611622629548
Flow cytometry: T cell staining_lymphocytes_single_cells_live_t_cells_cd8_t_cells_temra	0.182015842394085	0.685379924897837	0.132604232708078	<b>Flow cytometry</b>: immune cells	0.685379924897837
Flow cytometry: T cell staining_lymphocytes_single_cells_live_t_cells_cd8_t_cells_tregs	0.0830142723393145	0.777400798277898	0.139584929382787	<b>Flow cytometry</b>: immune cells	0.777400798277898
Flow cytometry: white blood cell staining_cells_single_cells_live_b_cells_freq_of_parent	0.154638700566564	0.691549049595891	0.153812249837545	<b>Flow cytometry</b>: immune cells	0.691549049595891
Flow cytometry: white blood cell staining_cells_single_cells_live_cd3neg_cytotoxic_freq_of_live	0.203573366409628	0.571175633675677	0.225250999914695	<b>Flow cytometry</b>: immune cells	0.571175633675677
Flow cytometry: white blood cell staining_cells_single_cells_live_cd3neg_cytotoxic_cd94pos_freq_of_parent	0.064696100580489	0.904462336222657	0.0308415631968539	<b>Flow cytometry</b>: immune cells	0.904462336222657
Flow cytometry: white blood cell staining_cells_single_cells_live_cd3neg_cytotoxic_ki_rs_freq_of_parent	0.0765369057823589	0.871840394307241	0.0516226999103998	<b>Flow cytometry</b>: immune cells	0.871840394307241
Flow cytometry: white blood cell staining_cells_single_cells_live_cd3neg_defective_freq_of_live	0.0549284460238837	0.608222747081568	0.336848806894549	<b>Flow cytometry</b>: immune cells	0.608222747081568
Flow cytometry: white blood cell staining_cells_single_cells_live_cd3neg_defective_cd94pos_freq_of_parent	0.100176683531387	0.680847909941006	0.218975406527607	<b>Flow cytometry</b>: immune cells	0.680847909941006
Flow cytometry: white blood cell staining_cells_single_cells_live_cd3neg_defective_ki_rs_freq_of_parent	0.0421120925791564	0.334394836413873	0.623493071006971	<b>Flow cytometry</b>: immune cells	0.334394836413873
Flow cytometry: white blood cell staining_cells_single_cells_live_cd3neg_regulatory_freq_of_live	0.0519479913919855	0.611035191808435	0.337016816799579	<b>Flow cytometry</b>: immune cells	0.611035191808435
Flow cytometry: white blood cell staining_cells_single_cells_live_cd3neg_regulatory_cd94pos_freq_of_parent	0.0362487390822889	0.716195593688233	0.247555667229478	<b>Flow cytometry</b>: immune cells	0.716195593688234
Flow cytometry: white blood cell staining_cells_single_cells_live_cd3neg_regulatory_ki_rs_freq_of_parent	0.0505121861629624	0.764525658271885	0.184962155565152	<b>Flow cytometry</b>: immune cells	0.764525658271885
Flow cytometry: white blood cell staining_cells_single_cells_live_monocytes_freq_of_parent	0.0601227145645479	0.595194272577436	0.344683012858016	<b>Flow cytometry</b>: immune cells	0.595194272577436
Flow cytometry: white blood cell staining_cells_single_cells_live_monocytes_classical_freq_of_parent	0.128262313753029	0.598856316972296	0.272881369274675	<b>Flow cytometry</b>: immune cells	0.598856316972296
Flow cytometry: white blood cell staining_cells_single_cells_live_monocytes_intermediate_freq_of_parent	0.044696390530653	0.516840570531655	0.438463038937692	<b>Flow cytometry</b>: immune cells	0.516840570531655
Flow cytometry: white blood cell staining_cells_single_cells_live_monocytes_nonnegclassical_freq_of_parent	0.109206032023806	0.640089727536472	0.250704240439722	<b>Flow cytometry</b>: immune cells	0.640089727536472
Flow cytometry: white blood cell staining_cells_single_cells_live_nk_t_cells_freq_of_parent	0.313051175600468	0.603343019866027	0.0836058045335053	<b>Flow cytometry</b>: immune cells	0.603343019866027
Flow cytometry: white blood cell staining_cells_single_cells_live_t_cells_freq_of_parent	0.0541742524344887	0.689275572918976	0.256550174646535	<b>Flow cytometry</b>: immune cells	0.689275572918976
Flow cytometry: white blood cell staining_cells_single_cells_live_t_cells_cd4_t_cells_freq_of_parent	0.0775529768478891	0.755523910697858	0.166923112454253	<b>Flow cytometry</b>: immune cells	0.755523910697858
Flow cytometry: white blood cell staining_cells_single_cells_live_t_cells_cd4_t_cells_cd56_freq_of_parent	0.105820887201508	0.801480154150738	0.0926989586477543	<b>Flow cytometry</b>: immune cells	0.801480154150738
Flow cytometry: white blood cell staining_cells_single_cells_live_t_cells_cd4_t_cells_cd94_freq_of_parent	0.132520692528144	0.633118529316696	0.23436077815516	<b>Flow cytometry</b>: immune cells	0.633118529316696
Flow cytometry: white blood cell staining_cells_single_cells_live_t_cells_cd4_t_cells_ki_rs_freq_of_parent	0.0629370117173996	0.24310738431476	0.69395560396784	<b>Flow cytometry</b>: immune cells	0.24310738431476
Flow cytometry: white blood cell staining_cells_single_cells_live_t_cells_cd8_t_cells_freq_of_parent	0.0359919477239151	0.78608630097007	0.177921751306015	<b>Flow cytometry</b>: immune cells	0.78608630097007
Flow cytometry: white blood cell staining_cells_single_cells_live_t_cells_cd8_t_cells_cd56_freq_of_parent	0.373939254564887	0.574012542721572	0.0520482027135408	<b>Flow cytometry</b>: immune cells	0.574012542721572
Flow cytometry: white blood cell staining_cells_single_cells_live_t_cells_cd8_t_cells_cd94_freq_of_parent	0.226822885928647	0.680436590771413	0.0927405232999406	<b>Flow cytometry</b>: immune cells	0.680436590771413
Flow cytometry: white blood cell staining_cells_single_cells_live_t_cells_cd8_t_cells_ki_rs_freq_of_parent	0.133502236713172	0.736512647845849	0.129985115440978	<b>Flow cytometry</b>: immune cells	0.736512647845849
Flow cytometry: white blood cell staining_cells_single_cells_live_b_cells_memory_b_cells_freq_of_parent	0.135195938835542	0.805159864530469	0.0596441966339887	<b>Flow cytometry</b>: immune cells	0.805159864530469
Flow cytometry: white blood cell staining_cells_single_cells_live_b_cells_naive_b_cells_freq_of_parent	0.132425050215421	0.806301641089752	0.0612733086948268	<b>Flow cytometry</b>: immune cells	0.806301641089752
Flow cytometry: white blood cell staining_cells_single_cells_live_cd19pos_plasma_cells_freq_of_live	0.165622990880937	0.381471143660631	0.452905865458432	<b>Flow cytometry</b>: immune cells	0.381471143660631
Functional sports exam_fvcpp	0.0359084822700923	0.903421628972701	0.0606698887572067	<b>Functional clinical features</b>	0.903421628972701
Functional sports exam_fev1pp	0.0618796012966063	0.854947213928045	0.0831731847753491	<b>Functional clinical features</b>	0.854947213928045
Functional sports exam_fev1fvcp	0.055270165459573	0.811500861581094	0.133228972959333	<b>Functional clinical features</b>	0.811500861581094
Functional sports exam_relpower60hf	0.0653260670288783	0.256640112287105	0.678033820684017	<b>Functional clinical features</b>	0.256640112287105
Functional sports exam_relpower80hf	0.0519010071598297	0.772606461075927	0.175492531764243	<b>Functional clinical features</b>	0.772606461075927
Functional sports exam_relmaxcap	0.110824648287161	0.820536647552281	0.0686387041605585	<b>Functional clinical features</b>	0.820536647552281
Functional sports exam_vo2max	0.10223980240319	0.852112144993723	0.0456480526030871	<b>Functional clinical features</b>	0.852112144993723
Functional sports exam_maxhr	0.318259785916061	0.460602953571218	0.221137260512722	<b>Functional clinical features</b>	0.460602953571218
Functional sports exam_hba1c	0.214859659093061	0.538919528301649	0.24622081260529	<b>Routine bloods</b>	0.538919528301649
Functional sports exam_cholesterol	0.173316411539193	0.645971580647506	0.180712007813301	<b>Routine bloods</b>	0.645971580647506
Functional sports exam_hdl	0.0306224564889815	0.755781794389811	0.213595749121207	<b>Routine bloods</b>	0.755781794389811
Functional sports exam_ldl	0.177997717454431	0.677102423791087	0.144899858754483	<b>Routine bloods</b>	0.677102423791087
Functional sports exam_nhdl	0.162470058011457	0.722486376039607	0.115043565948936	<b>Routine bloods</b>	0.722486376039607
Functional sports exam_triglycerides	0.0700029020309033	0.791412930009654	0.138584167959442	<b>Routine bloods</b>	0.791412930009654
Functional sports exam_urea	0.494247830764269	0.29374589911472	0.212006270121011	<b>Routine bloods</b>	0.29374589911472
Functional sports exam_creatinine	0.0537168358081613	0.844841456024457	0.101441708167381	<b>Routine bloods</b>	0.844841456024457
Functional sports exam_totalprotein	0.0543586083899117	0.445090172313178	0.50055121929691	<b>Routine bloods</b>	0.445090172313178
Functional sports exam_bilirubin	0.0952031789793377	0.593089236080242	0.31170758494042	<b>Routine bloods</b>	0.593089236080242
Functional sports exam_uricacid	0.0865177012206929	0.607024386266579	0.306457912512728	<b>Routine bloods</b>	0.607024386266579
Functional sports exam_asat	0.0568965838105455	0.564507561417815	0.378595854771639	<b>Routine bloods</b>	0.564507561417815
Functional sports exam_alat	0.0631165339025506	0.731319313601387	0.205564152496062	<b>Routine bloods</b>	0.731319313601387
Functional sports exam_ggt	0.151752468725039	0.823272180681323	0.0249753505936376	<b>Routine bloods</b>	0.823272180681323
Functional sports exam_ck	0.204233590259019	0.567086215314972	0.22868019442601	<b>Routine bloods</b>	0.567086215314972
Functional sports exam_alp	0.117495263779377	0.845323767909624	0.0371809683109994	<b>Routine bloods</b>	0.845323767909624
Functional sports exam_ldh	0.0383045356125045	0.500576909343214	0.461118555044281	<b>Routine bloods</b>	0.500576909343214
Functional sports exam_iron	0.0230616907378455	0.0087706960778459	0.968167613184309	<b>Routine bloods</b>	0.0087706960778459
Functional sports exam_transferrin	0.00744786837018695	0.777009856308232	0.215542275321581	<b>Routine bloods</b>	0.777009856308232
Functional sports exam_ferritin	0.11589331413923	0.833767964992332	0.050338720868438	<b>Functional clinical features</b>	0.833767964992332
Functional sports exam_transferrinsat	0.0218944975073195	0.0187942332752825	0.959311269217398	<b>Routine bloods</b>	0.0187942332752825
Functional sports exam_sedrate	0.0719260319830858	0.773924326545096	0.154149641471818	<b>Routine bloods</b>	0.773924326545096
Functional sports exam_plateletvol	0.181498719678293	0.750626089852783	0.0678751904689241	<b>Routine bloods</b>	0.750626089852783
Functional sports exam_segneutrophils	0.16257879901712	0.607585540744308	0.229835660238573	<b>Routine bloods</b>	0.607585540744308
Functional sports exam_lymphocytes	0.140419004760185	0.673421679270485	0.18615931596933	<b>Routine bloods</b>	0.673421679270485
Functional sports exam_vitb9	0.0980437304396142	0.410153270276109	0.491802999284276	<b>Routine bloods</b>	0.410153270276109
Functional sports exam_vitb12	0.0887928233353731	0.813157078852241	0.0980500978123858	<b>Routine bloods</b>	0.813157078852241
Functional sports exam_tsh	0.0409149820863464	0.876348758303801	0.0827362596098528	<b>Routine bloods</b>	0.876348758303801
Functional sports exam_sysbp	0.170791678880456	0.530802898865947	0.298405422253597	<b>Functional clinical features</b>	0.530802898865947
Functional sports exam_diabp	0.179638511338689	0.589497776731982	0.230863711929329	<b>Functional clinical features</b>	0.589497776731982
Saliva microbiome: ASVs.clr_ASV_13c_4jq_sf7	0.0830421952193222	0.646312982976179	0.270644821804499	<b>Saliva microbiome</b>: ASVs.clr	0.646312982976179
Saliva microbiome: ASVs.clr_ASV_13k_w96_kh5	0.120506452607783	0.468366544421358	0.411127002970859	<b>Saliva microbiome</b>: ASVs.clr	0.468366544421358
Saliva microbiome: ASVs.clr_ASV_190_n3s_o96	0.0285659765269999	0.736344119652534	0.235089903820466	<b>Saliva microbiome</b>: ASVs.clr	0.736344119652534
Saliva microbiome: ASVs.clr_ASV_1ah_swy_sxw	0.0528646772841083	0.348532546188137	0.598602776527754	<b>Saliva microbiome</b>: ASVs.clr	0.348532546188137
Saliva microbiome: ASVs.clr_ASV_1c6_j8g_id1	0.118551276579946	0.582182527860111	0.299266195559943	<b>Saliva microbiome</b>: ASVs.clr	0.582182527860111
Saliva microbiome: ASVs.clr_ASV_1e9_fjp_mrb	0.0587051146472675	0.741519738279918	0.199775147072815	<b>Saliva microbiome</b>: ASVs.clr	0.741519738279917
Saliva microbiome: ASVs.clr_ASV_1hu_o56_tqc	0.0412966341649208	0.281277065262085	0.677426300572994	<b>Saliva microbiome</b>: ASVs.clr	0.281277065262085
Saliva microbiome: ASVs.clr_ASV_1mh_g5b_5nf	0.0307791346471413	0.505569772855411	0.463651092497447	<b>Saliva microbiome</b>: ASVs.clr	0.505569772855411
Saliva microbiome: ASVs.clr_ASV_1q8_7el_tso	0.0543949314315289	0.49373337703471	0.451871691533761	<b>Saliva microbiome</b>: ASVs.clr	0.49373337703471
Saliva microbiome: ASVs.clr_ASV_1sg_c3s_nhd	0.0235558085601743	0.46226185680933	0.514182334630496	<b>Saliva microbiome</b>: ASVs.clr	0.46226185680933
Saliva microbiome: ASVs.clr_ASV_1vt_h8b_4qs	0.0575938126614498	0.653811770872535	0.288594416466015	<b>Saliva microbiome</b>: ASVs.clr	0.653811770872535
Saliva microbiome: ASVs.clr_ASV_1w6_qzn_6yh	0.0919777200330153	0.664465923696099	0.243556356270886	<b>Saliva microbiome</b>: ASVs.clr	0.664465923696098
Saliva microbiome: ASVs.clr_ASV_1wp_72x_fqq	0.196147175584456	0.109258490095527	0.694594334320018	<b>Saliva microbiome</b>: ASVs.clr	0.109258490095527
Saliva microbiome: ASVs.clr_ASV_1y8_oz3_va1	0.0600782460679676	0.753157641835751	0.186764112096281	<b>Saliva microbiome</b>: ASVs.clr	0.753157641835751
Saliva microbiome: ASVs.clr_ASV_1zq_2bl_fa1	0.0598143638759704	0.33874003181971	0.60144560430432	<b>Saliva microbiome</b>: ASVs.clr	0.33874003181971
Saliva microbiome: ASVs.clr_ASV_208_zdz_wyv	0.0392016794551011	0.345671137397415	0.615127183147483	<b>Saliva microbiome</b>: ASVs.clr	0.345671137397415
Saliva microbiome: ASVs.clr_ASV_250_yho_m0l	0.0702574093317227	0.123009672291698	0.80673291837658	<b>Saliva microbiome</b>: ASVs.clr	0.123009672291698
Saliva microbiome: ASVs.clr_ASV_25d_150_nnt	0.0694493129010005	0.41320811675408	0.517342570344919	<b>Saliva microbiome</b>: ASVs.clr	0.41320811675408
Saliva microbiome: ASVs.clr_ASV_25n_dv5_34v	0.161612543182493	0.49696874988027	0.341418706937237	<b>Saliva microbiome</b>: ASVs.clr	0.49696874988027
Saliva microbiome: ASVs.clr_ASV_25y_7lm_xei	0.0583197958146104	0.673949714498669	0.26773048968672	<b>Saliva microbiome</b>: ASVs.clr	0.673949714498669
Saliva microbiome: ASVs.clr_ASV_27i_zjn_j3k	0.0787566394670223	0.571748667636687	0.349494692896291	<b>Saliva microbiome</b>: ASVs.clr	0.571748667636687
Saliva microbiome: ASVs.clr_ASV_28q_kzh_q7l	0.0475940657560455	0.275909903525739	0.676496030718216	<b>Saliva microbiome</b>: ASVs.clr	0.275909903525739
Saliva microbiome: ASVs.clr_ASV_29o_nlj_twx	0.0601805964326767	0.275273773260341	0.664545630306982	<b>Saliva microbiome</b>: ASVs.clr	0.275273773260341
Saliva microbiome: ASVs.clr_ASV_2bj_vhi_bsk	0.0533934841840412	0.623519243117578	0.323087272698381	<b>Saliva microbiome</b>: ASVs.clr	0.623519243117578
Saliva microbiome: ASVs.clr_ASV_2bs_4um_4c2	0.0579118456269137	0.096436962162377	0.845651192210709	<b>Saliva microbiome</b>: ASVs.clr	0.096436962162377
Saliva microbiome: ASVs.clr_ASV_2gp_ao7_j2l	0.0959424426066291	0.352751116487073	0.551306440906298	<b>Saliva microbiome</b>: ASVs.clr	0.352751116487073
Saliva microbiome: ASVs.clr_ASV_2i3_y01_hxh	0.108675014467379	0.599019161753098	0.292305823779523	<b>Saliva microbiome</b>: ASVs.clr	0.599019161753098
Saliva microbiome: ASVs.clr_ASV_2lc_7sj_h84	0.117060243371896	0.537730196139474	0.34520956048863	<b>Saliva microbiome</b>: ASVs.clr	0.537730196139474
Saliva microbiome: ASVs.clr_ASV_2lp_61n_26j	0.0831579238513377	0.455138897259877	0.461703178888785	<b>Saliva microbiome</b>: ASVs.clr	0.455138897259877
Saliva microbiome: ASVs.clr_ASV_2nj_jeo_n52	0.0364021719126777	0.439133437802791	0.524464390284531	<b>Saliva microbiome</b>: ASVs.clr	0.439133437802791
Saliva microbiome: ASVs.clr_ASV_2oe_qdb_6st	0.0824345760659576	0.606760877623745	0.310804546310298	<b>Saliva microbiome</b>: ASVs.clr	0.606760877623745
Saliva microbiome: ASVs.clr_ASV_2om_mkk_f0s	0.0692906769445125	0.502265632382964	0.428443690672523	<b>Saliva microbiome</b>: ASVs.clr	0.502265632382964
Saliva microbiome: ASVs.clr_ASV_2qq_7i8_fx5	0.0550999549585235	0.905874658809117	0.0390253862323591	<b>Saliva microbiome</b>: ASVs.clr	0.905874658809117
Saliva microbiome: ASVs.clr_ASV_2sr_q0m_qgm	0.0818401453668319	0.604314038219345	0.313845816413823	<b>Saliva microbiome</b>: ASVs.clr	0.604314038219345
Saliva microbiome: ASVs.clr_ASV_2uo_fgp_ddu	0.0425728341367672	0.624597506248601	0.332829659614632	<b>Saliva microbiome</b>: ASVs.clr	0.624597506248601
Saliva microbiome: ASVs.clr_ASV_2up_edd_pgc	0.0447575463713321	0.741139781093948	0.21410267253472	<b>Saliva microbiome</b>: ASVs.clr	0.741139781093948
Saliva microbiome: ASVs.clr_ASV_2z4_uod_2ll	0.162814852629707	0.728377099757282	0.108808047613011	<b>Saliva microbiome</b>: ASVs.clr	0.728377099757282
Saliva microbiome: ASVs.clr_ASV_2zd_14i_39s	0.0660388048642592	0.446894381767323	0.487066813368418	<b>Saliva microbiome</b>: ASVs.clr	0.446894381767323
Saliva microbiome: ASVs.clr_ASV_2zf_yrp_sgi	0.121549764461625	0.719298571442169	0.159151664096206	<b>Saliva microbiome</b>: ASVs.clr	0.719298571442169
Saliva microbiome: ASVs.clr_ASV_30n_ayt_9fm	0.0566620185865476	0.279994657371942	0.66334332404151	<b>Saliva microbiome</b>: ASVs.clr	0.279994657371942
Saliva microbiome: ASVs.clr_ASV_33a_dsl_qu7	0.062553588051494	0.389612297348234	0.547834114600272	<b>Saliva microbiome</b>: ASVs.clr	0.389612297348234
Saliva microbiome: ASVs.clr_ASV_34i_rc2_nef	0.0968071716346405	0.42645299236884	0.47673983599652	<b>Saliva microbiome</b>: ASVs.clr	0.42645299236884
Saliva microbiome: ASVs.clr_ASV_34n_8y7_yli	0.0721386234623163	0.580813101260732	0.347048275276952	<b>Saliva microbiome</b>: ASVs.clr	0.580813101260732
Saliva microbiome: ASVs.clr_ASV_35g_may_03o	0.0815914005798295	0.625750881505049	0.292657717915122	<b>Saliva microbiome</b>: ASVs.clr	0.625750881505049
Saliva microbiome: ASVs.clr_ASV_39u_9u8_ebv	0.100363181442765	0.881835266266684	0.017801552290551	<b>Saliva microbiome</b>: ASVs.clr	0.881835266266684
Saliva microbiome: ASVs.clr_ASV_3ar_83p_by5	0.114730269071967	0.513834289222056	0.371435441705977	<b>Saliva microbiome</b>: ASVs.clr	0.513834289222056
Saliva microbiome: ASVs.clr_ASV_3do_d3a_pti	0.0666473685097465	0.764357863772815	0.168994767717439	<b>Saliva microbiome</b>: ASVs.clr	0.764357863772815
Saliva microbiome: ASVs.clr_ASV_3f5_q05_a88	0.0732646204278318	0.843878235833394	0.0828571437387743	<b>Saliva microbiome</b>: ASVs.clr	0.843878235833394
Saliva microbiome: ASVs.clr_ASV_3f7_hc1_wl5	0.0627901481676662	0.270087810617839	0.667122041214495	<b>Saliva microbiome</b>: ASVs.clr	0.270087810617839
Saliva microbiome: ASVs.clr_ASV_3gl_mrl_sp4	0.0815498742176416	0.612924268025114	0.305525857757245	<b>Saliva microbiome</b>: ASVs.clr	0.612924268025114
Saliva microbiome: ASVs.clr_ASV_3j7_smh_uek	0.0984467062936528	0.799622313943965	0.101930979762382	<b>Saliva microbiome</b>: ASVs.clr	0.799622313943965
Saliva microbiome: ASVs.clr_ASV_3jq_r7d_oj6	0.0346301985310525	0.234239525144043	0.731130276324905	<b>Saliva microbiome</b>: ASVs.clr	0.234239525144043
Saliva microbiome: ASVs.clr_ASV_3jx_obf_72i	0.19910691687212	0.644753487189386	0.156139595938494	<b>Saliva microbiome</b>: ASVs.clr	0.644753487189386
Saliva microbiome: ASVs.clr_ASV_3mx_91a_x37	0.0666330879462562	0.300774801966982	0.632592110086762	<b>Saliva microbiome</b>: ASVs.clr	0.300774801966982
Saliva microbiome: ASVs.clr_ASV_3oh_hs2_v8u	0.0964225446305307	0.556230236525776	0.347347218843694	<b>Saliva microbiome</b>: ASVs.clr	0.556230236525776
Saliva microbiome: ASVs.clr_ASV_3or_36z_1l9	0.0972973511010395	0.680629361314356	0.222073287584604	<b>Saliva microbiome</b>: ASVs.clr	0.680629361314356
Saliva microbiome: ASVs.clr_ASV_3p9_mfn_p11	0.0323752524298876	0.752499024077817	0.215125723492296	<b>Saliva microbiome</b>: ASVs.clr	0.752499024077817
Saliva microbiome: ASVs.clr_ASV_3qf_3o0_r87	0.132896872156283	0.735610464694236	0.131492663149481	<b>Saliva microbiome</b>: ASVs.clr	0.735610464694236
Saliva microbiome: ASVs.clr_ASV_3r8_ojb_p9l	0.0471986741982821	0.341501344077414	0.611299981724304	<b>Saliva microbiome</b>: ASVs.clr	0.341501344077414
Saliva microbiome: ASVs.clr_ASV_3za_4io_p6q	0.075741855584635	0.475292183412642	0.448965961002723	<b>Saliva microbiome</b>: ASVs.clr	0.475292183412642
Saliva microbiome: ASVs.clr_ASV_41i_7e3_f09	0.00680908058297267	0.91891605941459	0.0742748600024375	<b>Saliva microbiome</b>: ASVs.clr	0.91891605941459
Saliva microbiome: ASVs.clr_ASV_440_448_g3d	0.0696006631641748	0.536769407567818	0.393629929268008	<b>Saliva microbiome</b>: ASVs.clr	0.536769407567818
Saliva microbiome: ASVs.clr_ASV_48v_4qn_fyx	0.0648013742063619	0.403162399269209	0.532036226524429	<b>Saliva microbiome</b>: ASVs.clr	0.403162399269209
Saliva microbiome: ASVs.clr_ASV_4ac_gdz_fr7	0.0929933606539829	0.689333592642522	0.217673046703496	<b>Saliva microbiome</b>: ASVs.clr	0.689333592642522
Saliva microbiome: ASVs.clr_ASV_4d7_7r2_6pj	0.0687970756865793	0.520785006069649	0.410417918243772	<b>Saliva microbiome</b>: ASVs.clr	0.520785006069649
Saliva microbiome: ASVs.clr_ASV_4df_olu_wln	0.113336562866028	0.606413929592666	0.280249507541306	<b>Saliva microbiome</b>: ASVs.clr	0.606413929592666
Saliva microbiome: ASVs.clr_ASV_4fy_bsf_3t5	0.120259901858237	0.710954420066607	0.168785678075155	<b>Saliva microbiome</b>: ASVs.clr	0.710954420066607
Saliva microbiome: ASVs.clr_ASV_4gf_o84_blb	0.0492683725022265	0.685309694358793	0.265421933138981	<b>Saliva microbiome</b>: ASVs.clr	0.685309694358793
Saliva microbiome: ASVs.clr_ASV_4gu_d85_gqk	0.0391290200303266	0.321338906340604	0.639532073629069	<b>Saliva microbiome</b>: ASVs.clr	0.321338906340604
Saliva microbiome: ASVs.clr_ASV_4hk_trc_b89	0.0557550895012894	0.895408394641649	0.0488365158570615	<b>Saliva microbiome</b>: ASVs.clr	0.895408394641649
Saliva microbiome: ASVs.clr_ASV_4hz_i5f_wv5	0.0253943324024871	0.833985638045502	0.140620029552011	<b>Saliva microbiome</b>: ASVs.clr	0.833985638045502
Saliva microbiome: ASVs.clr_ASV_4ie_k92_ihw	0.0277053243165321	0.619869862508921	0.352424813174547	<b>Saliva microbiome</b>: ASVs.clr	0.619869862508921
Saliva microbiome: ASVs.clr_ASV_4jh_12g_3jr	0.108022425439394	0.60478396128926	0.287193613271346	<b>Saliva microbiome</b>: ASVs.clr	0.60478396128926
Saliva microbiome: ASVs.clr_ASV_4lp_dch_z4x	0.186798069965504	0.599297193415478	0.213904736619018	<b>Saliva microbiome</b>: ASVs.clr	0.599297193415478
Saliva microbiome: ASVs.clr_ASV_4qp_rpj_zsp	0.0253943324025243	0.833985638045434	0.140620029552041	<b>Saliva microbiome</b>: ASVs.clr	0.833985638045434
Saliva microbiome: ASVs.clr_ASV_4tc_32u_lou	0.0578898123064773	0.633308092638659	0.308802095054864	<b>Saliva microbiome</b>: ASVs.clr	0.633308092638659
Saliva microbiome: ASVs.clr_ASV_4ts_7j6_mo2	0.14861282605399	0.55640540442326	0.29498176952275	<b>Saliva microbiome</b>: ASVs.clr	0.55640540442326
